0 576 416 131 256 
1 576 416 130 257 
2 576 416 131 258 
3 575 417 133 260 
4 574 418 134 261 
5 573 420 136 259 
6 573 420 136 259 
7 573 421 136 258 
8 573 421 135 258 
9 574 421 133 259 
10 575 421 133 258 
11 575 421 132 258 
12 574 422 133 257 
13 575 420 132 258 
14 575 421 132 258 
15 574 421 132 258 
16 574 422 134 258 
17 573 424 135 255 
18 573 422 135 258 
19 572 426 131 246 
20 572 425 131 248 
21 571 427 132 247 
22 570 429 134 246 
23 570 430 134 244 
24 570 431 134 243 
25 570 431 134 245 
26 570 427 134 264 
27 570 430 134 246 
28 569 429 135 262 
29 569 430 135 260 
30 569 431 135 259 
31 569 432 135 259 
32 569 431 134 262 
33 570 431 133 264 
34 569 432 134 260 
35 569 436 133 255 
36 570 434 132 259 
37 569 435 133 258 
38 570 435 132 261 
39 570 435 132 261 
40 569 437 132 259 
41 569 437 131 260 
42 569 438 132 261 
43 569 438 133 261 
44 570 440 131 262 
45 570 441 130 262 
46 570 441 131 263 
47 570 442 132 266 
48 570 443 131 266 
49 570 444 131 267 
50 570 444 131 269 
51 570 445 132 267 
52 570 445 131 268 
53 569 446 132 267 
54 569 447 132 267 
55 569 448 132 267 
56 569 447 131 267 
57 569 447 131 268 
58 569 447 131 269 
59 569 447 131 270 
60 569 447 130 269 
61 569 449 131 269 
62 569 449 132 269 
63 568 450 132 268 
64 568 451 132 266 
65 567 452 133 264 
66 568 452 133 265 
67 567 453 133 264 
68 567 456 133 263 
69 567 456 134 262 
70 568 457 133 263 
71 567 458 133 262 
72 568 459 133 262 
73 568 459 133 263 
74 568 459 133 262 
75 567 460 133 260 
76 568 461 133 260 
77 567 463 134 257 
78 567 464 134 257 
79 567 466 135 254 
80 567 467 135 253 
81 566 468 136 252 
82 566 470 136 251 
83 566 471 135 250 
84 566 471 137 251 
85 566 473 137 249 
86 565 474 137 247 
87 566 473 137 248 
88 566 474 137 247 
89 566 476 137 245 
90 566 476 137 245 
91 565 478 138 243 
92 565 477 138 244 
93 565 479 138 241 
94 565 479 139 241 
95 565 481 139 237 
96 564 482 140 236 
97 564 483 139 234 
98 564 484 140 232 
99 564 486 141 230 
100 564 487 142 229 
101 564 488 141 226 
102 564 489 141 226 
103 563 489 142 225 
104 564 491 142 223 
105 564 491 141 223 
106 564 492 141 221 
107 564 491 141 223 
108 564 492 141 221 
109 564 492 141 221 
110 564 492 141 222 
111 564 492 141 221 
112 564 493 140 221 
113 564 495 141 217 
114 564 494 141 218 
115 565 496 140 215 
116 564 494 142 230 
117 563 494 143 229 
118 563 494 143 229 
119 564 494 143 230 
120 564 494 144 230 
121 563 494 144 229 
122 563 495 144 229 
123 564 494 143 229 
124 564 494 144 229 
125 564 495 144 228 
126 563 497 144 226 
127 564 497 143 225 
128 563 497 144 226 
129 563 496 144 227 
130 563 497 144 225 
131 563 498 144 224 
132 563 498 144 224 
133 564 499 144 223 
134 564 499 144 223 
135 563 500 144 222 
136 564 500 144 222 
137 564 502 144 219 
138 564 502 144 219 
139 564 503 145 217 
140 563 503 145 218 
141 563 502 145 218 
142 564 503 145 218 
